600 539 90 0 7
0 117
0 154
0 161
0 244
2 499
3 177
4 38
4 207
4 334
5 65
5 371
5 579
5 589
6 70
6 106
6 289
7 331
8 360
9 212
9 303
12 215
13 111
14 59
14 189
14 515
15 186
16 350
16 383
17 428
17 455
18 71
18 151
18 161
19 349
21 462
21 583
22 250
24 155
24 159
24 275
25 443
26 37
26 438
26 478
28 112
28 430
29 218
31 82
31 563
32 118
32 495
33 159
33 394
34 219
34 346
34 402
35 145
35 383
35 397
37 201
37 306
37 599
38 223
38 412
39 398
41 60
41 488
44 103
44 343
45 165
46 118
46 303
46 408
46 473
46 493
46 497
47 110
47 458
47 565
49 200
50 97
50 391
51 218
51 258
52 149
52 350
52 400
52 434
53 78
53 413
53 502
55 335
56 182
56 386
56 391
56 425
57 342
59 370
60 116
61 313
61 575
62 69
63 135
63 184
63 367
64 149
66 129
66 232
66 546
67 216
67 544
68 349
69 589
70 246
70 268
70 410
70 511
72 376
74 198
75 580
76 436
78 441
79 100
80 401
81 208
81 546
82 90
82 93
82 276
82 519
83 495
83 514
84 257
84 289
84 444
85 161
86 257
87 238
89 387
90 515
92 216
92 429
92 575
93 245
93 349
94 231
95 280
95 366
95 481
96 129
96 369
96 467
97 173
98 159
100 358
101 155
101 247
103 207
103 259
103 505
104 180
104 533
104 591
105 161
105 224
105 373
105 457
106 267
106 418
106 579
108 148
108 364
108 382
108 404
108 440
108 564
108 574
109 131
109 176
109 213
109 274
110 348
111 351
113 231
113 281
113 505
115 497
116 130
116 529
117 121
119 315
119 334
120 126
121 541
121 583
122 136
122 568
123 338
123 543
124 280
125 236
125 446
127 235
129 362
133 283
133 287
135 225
135 343
135 361
136 298
138 467
139 590
140 193
140 430
140 579
141 149
141 550
142 324
142 468
143 289
143 312
144 151
144 559
145 211
145 214
145 258
145 461
145 511
146 442
147 334
149 422
149 438
151 249
152 378
154 339
154 444
154 586
155 282
156 284
156 548
157 335
157 563
160 310
160 317
160 502
161 389
161 597
164 212
164 233
164 380
164 582
165 218
167 410
168 254
168 406
169 248
169 297
169 418
170 363
170 409
171 397
171 533
171 565
172 183
172 545
173 243
173 417
174 497
174 578
176 396
179 346
179 590
180 274
180 480
183 460
183 494
184 305
187 410
188 259
190 208
190 356
190 406
192 208
192 599
193 196
197 457
198 261
198 340
198 415
199 318
199 594
200 555
201 321
201 590
202 417
203 502
203 547
203 572
204 589
205 252
205 368
205 449
206 585
208 358
210 443
210 547
212 366
212 489
212 577
213 220
213 293
214 267
214 417
214 583
217 249
217 390
217 446
218 450
218 475
219 467
220 433
222 379
222 380
224 599
226 488
227 235
228 249
228 297
231 338
232 349
232 462
233 538
233 573
237 361
237 426
239 490
240 325
240 444
241 413
241 568
242 256
242 578
243 559
244 595
245 334
246 321
247 385
249 312
250 376
251 336
252 440
252 459
253 345
254 454
255 256
255 281
255 467
256 320
257 366
257 528
260 397
261 384
263 482
263 593
265 266
266 341
266 565
267 459
269 292
271 328
271 476
271 493
272 435
275 562
276 302
276 428
276 575
277 494
277 575
277 578
279 340
279 369
284 383
287 352
290 396
292 350
293 542
294 523
296 355
296 513
297 536
297 555
298 557
299 372
299 540
300 482
301 384
302 400
305 531
306 505
307 457
310 359
310 411
311 347
311 354
311 363
311 465
311 502
314 404
315 318
316 416
317 468
318 408
320 483
323 353
323 361
323 505
326 405
326 545
332 406
332 478
332 518
334 564
335 345
335 369
335 428
335 533
336 524
338 588
340 589
340 598
341 489
341 586
343 447
343 451
343 527
345 347
345 567
347 358
349 546
350 433
350 475
352 428
353 361
353 458
354 594
358 390
359 519
359 583
359 594
360 377
361 368
362 369
362 372
363 494
363 566
364 375
366 499
367 555
368 570
369 481
370 421
370 510
370 570
370 594
374 413
375 403
378 413
379 407
380 401
380 557
381 497
382 579
385 566
385 572
386 528
386 534
387 506
389 460
389 474
393 585
394 484
394 579
396 489
397 446
397 492
397 551
398 531
399 450
399 527
401 533
403 470
407 512
410 564
412 545
413 468
415 467
417 597
421 448
425 450
427 505
427 595
428 532
432 584
433 486
441 518
444 540
446 447
446 488
451 488
454 455
455 500
456 538
456 548
456 552
457 466
458 460
462 510
479 497
481 520
485 573
488 594
491 500
493 598
494 503
499 552
505 511
507 593
509 547
513 565
515 542
516 524
518 583
523 562
533 537
539 546
549 558
556 563
556 565
