600 240 40 0 5
1 31
1 172
1 458
1 466
5 351
7 530
11 255
14 390
16 67
18 23
21 48
21 306
22 250
22 590
24 289
25 74
25 110
25 274
29 367
32 256
35 155
35 504
36 115
36 412
38 157
38 242
38 542
40 321
40 579
43 347
45 337
45 342
46 287
49 250
49 511
50 542
51 73
54 156
55 298
55 390
55 415
57 375
58 445
61 278
62 264
64 554
64 563
65 308
65 346
66 102
66 434
68 146
68 503
69 381
70 184
71 353
72 417
72 504
73 422
75 319
76 280
76 299
77 538
78 314
80 238
80 524
82 197
87 289
90 113
92 293
93 494
95 180
98 589
99 567
100 547
101 513
106 388
108 395
110 334
111 490
113 410
115 419
116 134
117 201
117 452
119 305
121 527
122 494
123 593
124 212
124 271
125 433
127 358
127 428
129 544
134 298
135 471
136 581
140 569
141 287
141 490
142 408
142 468
145 314
147 489
148 258
153 456
159 176
168 486
169 323
169 376
170 589
172 305
172 326
172 379
172 399
179 347
182 291
183 590
185 322
187 254
188 574
189 476
190 352
194 423
194 596
195 388
196 203
196 531
202 381
207 302
208 229
209 491
213 414
214 273
214 375
215 272
215 341
218 590
222 382
222 575
224 553
225 493
230 418
235 513
238 311
239 405
239 501
241 379
243 589
247 289
247 297
249 448
250 257
250 427
252 424
253 285
253 549
253 596
256 270
257 446
258 408
260 356
264 369
266 270
266 567
267 480
269 322
271 382
271 437
272 347
275 333
277 370
279 375
280 429
284 368
287 305
292 599
294 330
296 315
298 453
304 595
308 342
311 330
311 349
313 455
313 596
320 544
322 565
326 369
326 391
340 360
340 447
343 367
344 486
349 474
351 491
353 451
355 409
357 590
363 368
366 480
367 573
373 391
380 514
385 509
385 532
387 504
389 394
389 466
400 477
402 559
405 477
408 463
411 555
415 423
419 426
420 582
439 531
444 493
452 536
456 549
460 591
463 503
469 534
481 575
481 588
483 491
487 578
492 563
496 518
497 542
500 538
502 599
514 582
530 576
534 592
554 586
561 566
572 594
