600 359 60 0 5
0 65
0 154
0 286
0 357
2 580
3 217
3 472
4 311
5 508
10 48
11 139
13 336
13 347
14 32
14 254
14 407
15 327
16 238
17 77
17 521
18 286
20 96
21 242
23 397
23 503
24 262
24 416
24 557
25 210
25 388
25 577
26 88
27 238
27 422
29 249
29 270
30 46
30 413
32 59
32 458
33 151
34 404
35 296
36 50
41 263
42 267
42 477
43 181
43 235
43 586
45 207
45 336
46 553
47 145
47 408
48 376
51 280
51 472
51 551
53 106
53 323
54 140
54 169
55 265
56 151
56 408
58 222
58 500
59 131
59 403
59 427
59 495
60 99
60 364
61 448
63 405
64 138
66 96
69 452
69 561
70 474
70 511
73 229
73 363
73 483
73 575
76 251
76 280
77 264
78 229
78 380
80 295
80 593
82 500
83 514
85 164
85 326
86 490
86 564
88 564
89 435
93 246
93 593
94 233
95 169
95 283
95 332
96 128
96 300
98 199
100 204
100 423
100 567
104 256
104 267
107 583
109 581
110 399
111 360
112 192
112 268
114 344
116 273
116 598
121 568
123 352
123 492
124 300
124 477
125 198
125 344
125 378
125 573
126 445
129 346
132 202
132 296
135 294
136 527
137 231
137 439
139 214
139 356
141 278
142 236
143 174
145 356
146 262
146 274
146 412
147 575
148 181
150 444
151 226
153 379
153 467
154 301
157 589
158 197
160 244
161 487
163 177
166 245
167 382
171 229
171 387
172 264
175 377
175 559
179 363
180 398
181 338
181 481
183 303
183 501
184 401
184 426
185 441
185 558
187 545
190 236
190 371
195 474
196 476
197 340
197 461
199 447
200 530
200 543
201 221
201 258
201 341
201 353
203 386
204 214
204 330
206 383
207 268
207 399
208 263
212 290
213 391
213 479
214 512
217 451
219 279
219 390
219 433
220 226
220 453
221 581
221 592
223 446
225 315
227 350
227 501
229 230
230 239
233 557
235 311
235 319
237 418
238 423
239 597
240 296
241 379
243 359
243 572
244 287
245 376
247 402
247 580
250 533
251 509
251 550
252 491
253 401
254 358
254 366
254 414
255 358
257 376
257 489
260 292
260 589
261 300
261 427
262 426
264 552
267 445
270 274
271 520
273 372
273 455
274 549
276 421
276 451
278 383
279 584
280 528
281 300
285 379
286 491
287 496
289 332
290 556
294 477
295 450
296 434
297 449
298 452
299 498
300 470
301 457
303 430
303 551
307 453
311 481
313 578
315 406
315 564
319 523
321 497
322 550
322 590
328 395
328 444
330 585
331 449
336 364
338 420
340 515
341 501
342 493
344 364
344 381
345 385
345 577
346 598
347 473
347 518
348 419
357 407
358 510
359 497
359 539
359 555
360 382
363 382
369 570
370 456
371 559
376 487
383 530
385 477
388 441
390 595
392 591
393 574
394 556
394 586
396 494
397 592
400 521
401 532
401 581
402 502
403 486
403 546
404 558
410 508
411 467
421 499
422 516
423 588
429 501
429 582
432 442
436 569
438 501
451 492
452 467
459 587
461 551
463 496
465 514
468 529
470 560
476 570
491 531
492 583
495 560
497 498
516 517
537 586
537 587
564 594
571 578
587 597
