100 505 10 17 4
0 1
0 11
0 28
0 31
0 47
0 58
0 62
0 73
0 77
1 5
1 21
1 26
1 31
1 56
1 58
1 90
1 93
2 8
2 9
2 16
2 32
2 45
2 66
2 79
2 81
3 29
3 30
3 39
3 50
3 53
3 58
3 64
3 67
3 70
3 77
3 84
3 89
3 92
3 95
4 9
4 15
4 20
4 24
4 35
4 41
4 70
4 75
4 85
4 89
4 95
5 15
5 22
5 24
5 58
5 75
5 86
5 88
6 16
6 17
6 18
6 37
6 38
6 65
6 72
6 81
6 83
7 13
7 16
7 29
7 32
7 38
7 39
7 48
7 67
7 68
7 93
7 94
8 14
8 28
8 32
8 38
8 41
8 43
8 55
8 95
9 18
9 20
9 43
9 45
9 48
9 50
9 68
9 75
9 84
10 12
10 17
10 27
10 33
10 36
10 52
10 58
10 62
10 63
10 66
10 69
10 76
10 77
10 88
10 89
10 90
10 93
11 16
11 17
11 24
11 25
11 35
11 38
11 44
11 48
11 52
11 56
11 72
11 80
11 83
12 14
12 15
12 31
12 35
12 48
12 49
12 64
12 78
12 84
12 86
13 24
13 26
13 43
13 46
13 57
13 62
13 70
13 78
13 91
14 17
14 19
14 23
14 42
14 45
14 53
14 60
14 72
14 74
14 85
14 87
14 89
15 23
15 26
15 27
15 28
15 52
15 64
15 79
15 83
15 90
15 99
16 19
16 24
16 30
16 40
16 44
16 52
16 78
16 90
16 97
17 50
17 60
17 70
17 80
17 87
18 22
18 32
18 42
18 43
18 59
18 70
18 78
18 80
18 82
18 87
18 95
19 35
19 39
19 48
19 73
19 84
19 92
20 32
20 47
20 48
20 64
20 76
20 81
20 82
20 89
20 97
21 24
21 28
21 35
21 37
21 61
21 68
21 81
21 83
21 90
21 94
21 99
22 59
22 60
22 64
22 70
22 83
23 25
23 36
23 56
23 57
23 59
23 79
23 82
23 94
23 99
24 43
24 46
24 54
24 56
24 71
24 77
24 86
25 27
25 34
25 35
25 37
25 41
25 67
25 90
26 40
26 76
26 81
26 91
26 95
27 58
27 59
27 75
27 83
28 40
28 42
28 52
28 54
28 74
28 76
28 82
28 86
28 93
28 95
28 98
29 36
29 41
29 46
29 60
29 67
29 68
29 98
30 34
30 42
30 46
30 52
30 66
30 67
30 72
30 90
30 93
31 33
31 38
31 52
31 62
31 70
31 72
31 85
31 95
32 33
32 34
32 52
32 55
32 67
32 70
32 77
32 80
32 96
33 46
33 48
33 54
33 58
33 64
33 78
33 83
34 37
34 40
34 56
34 60
34 68
34 77
34 80
34 81
34 85
34 94
34 96
35 40
35 51
35 61
35 63
35 84
36 38
36 39
36 79
36 84
36 91
37 47
37 57
37 65
37 85
37 94
37 95
38 46
38 67
38 69
38 85
38 99
39 45
39 54
39 57
39 94
40 58
40 82
40 83
40 90
40 97
41 48
41 53
41 55
41 56
41 68
41 70
41 86
41 97
42 46
42 59
42 65
42 70
42 81
43 45
43 54
43 59
43 61
43 65
43 74
43 81
43 83
43 91
44 45
44 48
44 56
44 81
44 90
44 93
45 57
45 61
45 74
45 86
46 71
46 80
46 86
46 99
47 49
47 69
47 74
47 82
47 84
47 86
47 88
47 94
48 50
48 70
49 71
49 88
49 91
49 94
50 53
50 61
50 94
50 95
51 64
51 69
51 71
51 81
52 53
52 65
52 76
52 89
52 90
52 94
54 64
54 88
54 95
54 98
54 99
55 66
55 71
55 88
55 92
56 59
56 73
56 79
57 64
57 81
57 83
57 97
57 99
58 61
58 78
59 62
59 63
59 66
59 71
59 75
59 76
59 95
60 64
60 73
60 77
61 64
61 83
61 94
62 75
62 79
62 85
62 92
62 95
63 85
64 71
64 91
65 69
65 78
65 79
65 80
65 90
66 76
67 69
67 82
67 84
67 94
67 99
68 70
68 72
68 83
68 94
68 99
69 73
69 87
69 99
70 76
70 85
70 95
71 89
71 95
71 99
72 91
72 99
74 78
74 85
74 92
75 88
76 77
76 89
76 90
77 79
77 84
78 91
78 98
79 86
80 85
80 88
80 96
82 83
82 86
82 87
82 91
82 94
83 91
83 96
83 99
85 94
86 96
86 97
87 94
88 97
88 98
